0 0.7197265625 0.27891654465592974 0.01953125 0.0424597364568082
0 0.70361328125 0.2840409956076135 0.017578125 0.036603221083455345
0 0.31396484375 0.2232796486090776 0.0244140625 0.04685212298682284
0 0.24755859375 0.2240117130307467 0.017578125 0.03953147877013177
0 0.0927734375 0.2979502196193265 0.0205078125 0.02635431918008785
0 0.21533203125 0.4172767203513909 0.0166015625 0.02635431918008785
0 0.23583984375 0.4575402635431918 0.017578125 0.02635431918008785
0 0.26171875 0.4663250366032211 0.0146484375 0.02342606149341142
0 0.41015625 0.42825768667642755 0.017578125 0.03513909224011713
0 0.35107421875 0.4751098096632504 0.01953125 0.02342606149341142
0 0.3681640625 0.486090775988287 0.015625 0.021961932650073207
0 0.0888671875 0.5607613469985359 0.0166015625 0.024890190336749635
0 0.04833984375 0.6720351390922401 0.0224609375 0.02635431918008785
0 0.03125 0.7137628111273792 0.0224609375 0.020497803806734993
0 0.134765625 0.6742313323572474 0.015625 0.02342606149341142
0 0.197265625 0.6354319180087847 0.0185546875 0.024890190336749635
0 0.22021484375 0.6669106881405563 0.0185546875 0.021961932650073207
0 0.185546875 0.6888726207906296 0.01953125 0.020497803806734993
0 0.33203125 0.5885797950219619 0.013671875 0.020497803806734993
0 0.35498046875 0.6127379209370425 0.013671875 0.020497803806734993
0 0.3798828125 0.6288433382137628 0.0126953125 0.013177159590043924
0 0.39208984375 0.6288433382137628 0.015625 0.024890190336749635
0 0.37939453125 0.5461200585651538 0.017578125 0.020497803806734993
0 0.3935546875 0.5226939970717424 0.0244140625 0.020497803806734993
0 0.36083984375 0.5219619326500732 0.0146484375 0.029282576866764276
0 0.49560546875 0.33162518301610544 0.0146484375 0.024890190336749635
0 0.55224609375 0.3857979502196193 0.017578125 0.03074670571010249
0 0.4765625 0.4912152269399707 0.0234375 0.029282576866764276
0 0.52880859375 0.5651537335285505 0.0126953125 0.024890190336749635
0 0.47216796875 0.6105417276720352 0.013671875 0.016105417276720352
0 0.4931640625 0.6090775988286969 0.0107421875 0.014641288433382138
0 0.53076171875 0.6010248901903368 0.0126953125 0.01171303074670571
0 0.5517578125 0.5907759882869692 0.013671875 0.01903367496339678
0 0.5576171875 0.6332357247437774 0.0146484375 0.007320644216691069
0 0.591796875 0.5937042459736457 0.009765625 0.02342606149341142
0 0.59423828125 0.6002928257686676 0.0087890625 0.013177159590043924
0 0.63232421875 0.493411420204978 0.0107421875 0.010248901903367497
0 0.6357421875 0.5161054172767203 0.01171875 0.02635431918008785
0 0.640625 0.5578330893118595 0.0107421875 0.01903367496339678
0 0.65234375 0.5541727672035139 0.0107421875 0.02635431918008785
0 0.6455078125 0.4443631039531479 0.0146484375 0.02342606149341142
0 0.671875 0.48755490483162517 0.01171875 0.020497803806734993
0 0.6865234375 0.5175695461200586 0.013671875 0.02342606149341142
0 0.7109375 0.42825768667642755 0.013671875 0.024890190336749635
0 0.71435546875 0.40775988286969256 0.0166015625 0.01903367496339678
0 0.84326171875 0.5856515373352855 0.0166015625 0.020497803806734993