0 0.23938506588579794 0.4521484375 0.060029282576866766 0.033203125
0 0.486090775988287 0.4384765625 0.03367496339677892 0.01953125
0 0.49194729136163984 0.3837890625 0.055636896046852125 0.021484375
0 0.3726207906295754 0.39111328125 0.0424597364568082 0.01953125
0 0.3213762811127379 0.42041015625 0.03806734992679356 0.015625
0 0.32503660322108346 0.44384765625 0.0527086383601757 0.0185546875
0 0.3923865300146413 0.421875 0.04685212298682284 0.017578125
0 0.5256222547584187 0.4111328125 0.055636896046852125 0.0234375
0 0.5929721815519766 0.431640625 0.04978038067349927 0.021484375
0 0.5863836017569546 0.40869140625 0.036603221083455345 0.0185546875
0 0.6486090775988287 0.42529296875 0.0424597364568082 0.0185546875
0 0.671303074670571 0.4033203125 0.04978038067349927 0.0185546875
0 0.7474377745241582 0.41943359375 0.0629575402635432 0.0224609375