0 0.4023076923076923 0.3484848484848485 0.09076923076923077 0.06818181818181818
0 0.27153846153846156 0.46464646464646464 0.06615384615384616 0.06565656565656566
0 0.1753846153846154 0.44191919191919193 0.06 0.06060606060606061
0 0.11615384615384615 0.577020202020202 0.06769230769230769 0.05303030303030303
0 0.2323076923076923 0.5833333333333334 0.07230769230769231 0.04292929292929293
0 0.4107692307692308 0.7133838383838383 0.06307692307692307 0.050505050505050504
0 0.45153846153846156 0.5744949494949495 0.055384615384615386 0.05303030303030303
0 0.8607692307692307 0.6073232323232324 0.06153846153846154 0.0707070707070707
0 0.7676923076923077 0.7537878787878788 0.05692307692307692 0.06060606060606061
0 0.40384615384615385 0.5227272727272727 0.04461538461538461 0.047979797979797977
0 0.9423076923076923 0.7310606060606061 0.052307692307692305 0.050505050505050504