0 0.18416666666666667 0.2225 0.10333333333333333 0.12875
0 0.3620833333333333 0.24875 0.09 0.1025
0 0.58625 0.2975 0.08416666666666667 0.1
0 0.82125 0.303125 0.09916666666666667 0.1125
0 0.7304166666666667 0.45625 0.12 0.1475
0 0.5991666666666666 0.49625 0.13666666666666666 0.085
0 0.8045833333333333 0.7675 0.15416666666666667 0.1425
0 0.5683333333333334 0.686875 0.11 0.0775
0 0.19291666666666665 0.78375 0.16 0.18125
0 0.25833333333333336 0.595 0.12333333333333334 0.14875
0 0.47375 0.5225 0.11166666666666666 0.1475
0 0.5775 0.5875 0.0975 0.08125
0 0.4816666666666667 0.79875 0.1275 0.155