0 0.72216796875 0.2847730600292826 0.0185546875 0.0424597364568082
0 0.7060546875 0.2891654465592972 0.017578125 0.036603221083455345
0 0.3173828125 0.21815519765739386 0.0234375 0.04685212298682284
0 0.2509765625 0.21742313323572474 0.017578125 0.03953147877013177
0 0.09521484375 0.2869692532942899 0.0205078125 0.02635431918008785
0 0.21630859375 0.40995607613469986 0.0166015625 0.02635431918008785
0 0.236328125 0.45095168374816985 0.017578125 0.02635431918008785
0 0.26220703125 0.45973645680819913 0.0146484375 0.02342606149341142
0 0.4111328125 0.4260614934114202 0.017578125 0.03513909224011713
0 0.3515625 0.47144948755490484 0.01953125 0.02342606149341142
0 0.3681640625 0.48243045387994143 0.015625 0.021961932650073207
0 0.08837890625 0.5497803806734992 0.0166015625 0.024890190336749635
0 0.04638671875 0.6603221083455344 0.0224609375 0.02635431918008785
0 0.02880859375 0.7013177159590044 0.0224609375 0.020497803806734993
0 0.1328125 0.664714494875549 0.015625 0.02342606149341142
0 0.19580078125 0.6273792093704246 0.0185546875 0.024890190336749635
0 0.21826171875 0.6595900439238653 0.0185546875 0.021961932650073207
0 0.18359375 0.6808199121522694 0.01953125 0.020497803806734993
0 0.3310546875 0.5841874084919473 0.013671875 0.020497803806734993
0 0.353515625 0.6090775988286969 0.013671875 0.020497803806734993
0 0.37841796875 0.6259150805270863 0.0126953125 0.013177159590043924
0 0.390625 0.6259150805270863 0.015625 0.024890190336749635
0 0.37890625 0.5431918008784773 0.017578125 0.020497803806734993
0 0.39306640625 0.5197657393850659 0.0244140625 0.020497803806734993
0 0.36083984375 0.5183016105417276 0.0146484375 0.029282576866764276
0 0.49755859375 0.33162518301610544 0.0146484375 0.024890190336749635
0 0.5537109375 0.38726207906295756 0.017578125 0.03074670571010249
0 0.4765625 0.4904831625183016 0.0234375 0.029282576866764276
0 0.52783203125 0.5658857979502196 0.0126953125 0.024890190336749635
0 0.470703125 0.609809663250366 0.013671875 0.016105417276720352
0 0.49169921875 0.6090775988286969 0.0107421875 0.014641288433382138
0 0.52978515625 0.6017569546120058 0.0126953125 0.01171303074670571
0 0.55078125 0.5922401171303074 0.013671875 0.01903367496339678
0 0.55615234375 0.6346998535871157 0.0146484375 0.007320644216691069
0 0.5908203125 0.595900439238653 0.009765625 0.02342606149341142
0 0.59326171875 0.6024890190336749 0.0087890625 0.013177159590043924
0 0.63232421875 0.4970717423133236 0.0107421875 0.010248901903367497
0 0.6357421875 0.5197657393850659 0.01171875 0.02635431918008785
0 0.64013671875 0.5614934114202049 0.0107421875 0.01903367496339678
0 0.65185546875 0.5578330893118595 0.0107421875 0.02635431918008785
0 0.64599609375 0.4480234260614934 0.0146484375 0.02342606149341142
0 0.671875 0.49194729136163984 0.01171875 0.020497803806734993
0 0.6865234375 0.5226939970717424 0.013671875 0.02342606149341142
0 0.7119140625 0.4341142020497804 0.013671875 0.024890190336749635
0 0.71533203125 0.4136163982430454 0.0166015625 0.01903367496339678
0 0.84228515625 0.5944363103953147 0.0166015625 0.020497803806734993