0 0.23718887262079064 0.458251953125 0.06149341142020498 0.0341796875
0 0.48279648609077597 0.438720703125 0.034407027818448024 0.0205078125
0 0.4857247437774524 0.384033203125 0.05636896046852123 0.02294921875
0 0.3671303074670571 0.39404296875 0.04319180087847731 0.0205078125
0 0.31734992679355783 0.424560546875 0.038799414348462666 0.0166015625
0 0.32210834553440704 0.447998046875 0.05417276720351391 0.02001953125
0 0.3883601756954612 0.42431640625 0.048316251830161056 0.01904296875
0 0.5208638360175696 0.41064453125 0.05636896046852123 0.0244140625
0 0.5893118594436311 0.429443359375 0.050512445095168376 0.0224609375
0 0.5816251830161054 0.40673828125 0.03733528550512445 0.01953125
0 0.6445827232796486 0.421875 0.04319180087847731 0.01953125
0 0.6661786237188873 0.3994140625 0.050512445095168376 0.01953125
0 0.7430453879941434 0.413818359375 0.06442166910688141 0.02392578125