0 0.40076923076923077 0.351010101010101 0.09076923076923077 0.06565656565656566
0 0.27153846153846156 0.47095959595959597 0.06615384615384616 0.06313131313131314
0 0.17461538461538462 0.45075757575757575 0.06 0.05808080808080808
0 0.11692307692307692 0.5883838383838383 0.06769230769230769 0.050505050505050504
0 0.23307692307692307 0.5909090909090909 0.07230769230769231 0.04040404040404041
0 0.41307692307692306 0.7159090909090909 0.06307692307692307 0.047979797979797977
0 0.4523076923076923 0.5757575757575758 0.055384615384615386 0.050505050505050504
0 0.8615384615384616 0.5972222222222222 0.06153846153846154 0.06818181818181818
0 0.77 0.7462121212121212 0.05692307692307692 0.05808080808080808
0 0.40384615384615385 0.5252525252525253 0.04461538461538461 0.045454545454545456
0 0.9446153846153846 0.7184343434343434 0.052307692307692305 0.047979797979797977