0 0.26733870967741935 0.5323529411764706 0.08790322580645162 0.11411764705882353
0 0.2540322580645161 0.2817647058823529 0.08387096774193549 0.14705882352941177
0 0.07056451612903226 0.3311764705882353 0.06532258064516129 0.0811764705882353
0 0.09596774193548387 0.6347058823529412 0.0532258064516129 0.07411764705882352
0 0.5637096774193548 0.5517647058823529 0.06290322580645161 0.09176470588235294
0 0.6794354838709677 0.48411764705882354 0.06532258064516129 0.08352941176470588
0 0.7209677419354839 0.7258823529411764 0.06935483870967742 0.08235294117647059
0 0.7862903225806451 0.9270588235294117 0.06451612903225806 0.06588235294117648
0 0.8270161290322581 0.2641176470588235 0.10725806451612903 0.07176470588235294
0 0.5806451612903226 0.08294117647058824 0.05967741935483871 0.10470588235294118
0 0.4576612903225806 0.6258823529411764 0.06048387096774194 0.07294117647058823