0 0.26653225806451614 0.5205882352941177 0.09032258064516129 0.1188235294117647
0 0.2592741935483871 0.26941176470588235 0.08709677419354839 0.15176470588235294
0 0.075 0.30941176470588233 0.06693548387096775 0.08470588235294117
0 0.09314516129032258 0.6141176470588235 0.054838709677419356 0.07647058823529412
0 0.5625 0.5547058823529412 0.06532258064516129 0.09529411764705882
0 0.6798387096774193 0.4935294117647059 0.06693548387096775 0.08705882352941176
0 0.7153225806451613 0.7370588235294118 0.07096774193548387 0.08588235294117647
0 0.7758064516129032 0.9411764705882353 0.06612903225806452 0.06941176470588235
0 0.8326612903225806 0.2811764705882353 0.10887096774193548 0.07764705882352942
0 0.5907258064516129 0.08705882352941176 0.062096774193548386 0.10823529411764705
0 0.45483870967741935 0.6235294117647059 0.062096774193548386 0.07647058823529412