0 0.31266666666666665 0.6363636363636364 0.08666666666666667 0.09276437847866419
0 0.4786666666666667 0.6521335807050093 0.08133333333333333 0.07606679035250463
0 0.6786666666666666 0.650278293135436 0.08 0.08163265306122448
0 0.886 0.6549165120593692 0.07333333333333333 0.09276437847866419
0 0.936 0.564935064935065 0.07066666666666667 0.06679035250463822
0 0.8586666666666667 0.5306122448979592 0.07866666666666666 0.0686456400742115
0 0.7826666666666666 0.49814471243042674 0.06266666666666666 0.061224489795918366
0 0.7253333333333334 0.4554730983302412 0.07866666666666666 0.08163265306122448
0 0.7513333333333333 0.5500927643784786 0.07333333333333333 0.07050092764378478
0 0.6733333333333333 0.5352504638218923 0.068 0.05194805194805195
0 0.6273333333333333 0.424860853432282 0.08266666666666667 0.09090909090909091