0 0.40384615384615385 0.34595959595959597 0.09230769230769231 0.0707070707070707
0 0.2723076923076923 0.4583333333333333 0.06769230769230769 0.06565656565656566
0 0.17615384615384616 0.4318181818181818 0.06153846153846154 0.06060606060606061
0 0.11538461538461539 0.5669191919191919 0.06923076923076923 0.05555555555555555
0 0.23153846153846153 0.5757575757575758 0.07384615384615385 0.045454545454545456
0 0.4084615384615385 0.7108585858585859 0.06461538461538462 0.050505050505050504
0 0.45076923076923076 0.5732323232323232 0.05692307692307692 0.05303030303030303
0 0.8592307692307692 0.6174242424242424 0.06307692307692307 0.0707070707070707
0 0.7646153846153846 0.7613636363636364 0.05846153846153846 0.06060606060606061
0 0.40307692307692305 0.5202020202020202 0.046153846153846156 0.047979797979797977
0 0.94 0.7436868686868687 0.05384615384615385 0.050505050505050504