0 0.049166666666666664 0.21666666666666667 0.09666666666666666 0.06416666666666666
0 0.032916666666666664 0.30625 0.06583333333333333 0.08083333333333333
0 0.22625 0.44 0.0575 0.0625
0 0.34625 0.42083333333333334 0.0525 0.0375
0 0.49916666666666665 0.37041666666666667 0.06333333333333334 0.03166666666666667
0 0.5733333333333334 0.37083333333333335 0.06916666666666667 0.0475
0 0.485 0.5008333333333334 0.06166666666666667 0.060833333333333336
0 0.49833333333333335 0.5708333333333333 0.056666666666666664 0.041666666666666664
0 0.40791666666666665 0.6095833333333334 0.0675 0.07
0 0.45375 0.5975 0.0425 0.04
0 0.6845833333333333 0.5954166666666667 0.06916666666666667 0.0525
0 0.8883333333333333 0.5883333333333334 0.059166666666666666 0.035
0 0.7333333333333333 0.63875 0.05333333333333334 0.041666666666666664
0 0.64875 0.6504166666666666 0.05583333333333333 0.0325
0 0.57125 0.7070833333333333 0.07166666666666667 0.04
0 0.5695833333333333 0.7458333333333333 0.0475 0.015833333333333335
0 0.45875 0.65 0.043333333333333335 0.02666666666666667
0 0.42125 0.6933333333333334 0.03666666666666667 0.03
0 0.35083333333333333 0.6804166666666667 0.04666666666666667 0.08166666666666667
0 0.2945833333333333 0.6091666666666666 0.058333333333333334 0.060833333333333336
0 0.43625 0.7491666666666666 0.049166666666666664 0.02666666666666667
0 0.46708333333333335 0.7179166666666666 0.05583333333333333 0.045
0 0.50875 0.8241666666666667 0.07833333333333334 0.04583333333333333
0 0.5266666666666666 0.8591666666666666 0.04 0.03833333333333333
0 0.57125 0.855 0.049166666666666664 0.0525
0 0.43375 0.9270833333333334 0.055 0.0775