0 0.9003846153846153 0.27251732101616627 0.025384615384615384 0.04387990762124711
0 0.9003846153846153 0.34526558891454967 0.03923076923076923 0.04849884526558892
0 0.9388461538461539 0.4428406466512702 0.04384615384615385 0.04503464203233257
0 0.8392307692307692 0.2967667436489607 0.033846153846153845 0.04849884526558892
0 0.8446153846153847 0.3810623556581986 0.03230769230769231 0.046189376443418015
0 0.7638461538461538 0.36605080831408776 0.03538461538461538 0.03695150115473441
0 0.8257692307692308 0.4295612009237875 0.01769230769230769 0.02771362586605081
0 0.8415384615384616 0.44861431870669743 0.015384615384615385 0.02424942263279446
0 0.8503846153846154 0.47286374133949194 0.022307692307692306 0.026558891454965358
0 0.8034615384615384 0.5369515011547344 0.031538461538461536 0.03695150115473441
0 0.8146153846153846 0.5877598152424942 0.018461538461538463 0.020785219399538105
0 0.7865384615384615 0.6056581986143187 0.016153846153846154 0.03117782909930716
0 0.7607692307692308 0.5883371824480369 0.026153846153846153 0.028868360277136258
0 0.75 0.5150115473441108 0.023076923076923078 0.02771362586605081
0 0.6857692307692308 0.47113163972286376 0.025384615384615384 0.03002309468822171
0 0.6957692307692308 0.5502309468822171 0.01769230769230769 0.02424942263279446
0 0.6623076923076923 0.5282909930715936 0.013846153846153847 0.026558891454965358
0 0.6907692307692308 0.5912240184757506 0.03076923076923077 0.03002309468822171
0 0.7238461538461538 0.6195150115473441 0.012307692307692308 0.021939953810623556
0 0.7580769230769231 0.6391454965357968 0.01769230769230769 0.026558891454965358
0 0.6603846153846153 0.5848729792147807 0.016153846153846154 0.021939953810623556
0 0.6542307692307693 0.6033487297921478 0.03769230769230769 0.021939953810623556
0 0.6726923076923077 0.6397228637413395 0.031538461538461536 0.025404157043879907
0 0.6576923076923077 0.6709006928406467 0.013846153846153847 0.025404157043879907
0 0.635 0.6368360277136259 0.016153846153846154 0.026558891454965358
0 0.5234615384615384 0.6709006928406467 0.022307692307692306 0.03002309468822171
0 0.5769230769230769 0.7055427251732102 0.018461538461538463 0.03002309468822171
0 0.615 0.7020785219399538 0.013076923076923076 0.03002309468822171
0 0.6203846153846154 0.7777136258660509 0.03307692307692308 0.026558891454965358
0 0.7246153846153847 0.7055427251732102 0.018461538461538463 0.02771362586605081
0 0.7196153846153847 0.7297921478060047 0.031538461538461536 0.020785219399538105
0 0.5323076923076923 0.8498845265588915 0.018461538461538463 0.03002309468822171
0 0.5615384615384615 0.8423787528868361 0.023076923076923078 0.026558891454965358
0 0.6161538461538462 0.8931870669745958 0.026153846153846153 0.028868360277136258
0 0.655 0.8406466512702079 0.02076923076923077 0.03233256351039261
0 0.7219230769230769 0.8366050808314087 0.02076923076923077 0.03810623556581986
0 0.7407692307692307 0.957852193995381 0.03076923076923077 0.026558891454965358
0 0.823076923076923 0.9728637413394919 0.015384615384615385 0.026558891454965358