0 0.8976923076923077 0.26212471131639725 0.026153846153846153 0.04503464203233257
0 0.8984615384615384 0.3348729792147806 0.04 0.049653579676674366
0 0.938076923076923 0.4312933025404157 0.04461538461538461 0.046189376443418015
0 0.8369230769230769 0.2881062355658199 0.03461538461538462 0.049653579676674366
0 0.8430769230769231 0.371824480369515 0.03307692307692308 0.04734411085450346
0 0.7623076923076924 0.35912240184757505 0.036153846153846154 0.03810623556581986
0 0.825 0.42090069284064663 0.01769230769230769 0.02771362586605081
0 0.8407692307692308 0.4399538106235566 0.015384615384615385 0.02424942263279446
0 0.85 0.4636258660508083 0.022307692307692306 0.02771362586605081
0 0.8038461538461539 0.5288683602771362 0.03230769230769231 0.03810623556581986
0 0.8157692307692308 0.5796766743648961 0.018461538461538463 0.020785219399538105
0 0.7876923076923077 0.5981524249422633 0.016153846153846154 0.03117782909930716
0 0.7619230769230769 0.5814087759815243 0.026153846153846153 0.03002309468822171
0 0.75 0.5086605080831409 0.023076923076923078 0.028868360277136258
0 0.6853846153846154 0.4665127020785219 0.025384615384615384 0.03117782909930716
0 0.6961538461538461 0.5450346420323325 0.01769230769230769 0.02424942263279446
0 0.6626923076923077 0.5242494226327945 0.013846153846153847 0.026558891454965358
0 0.691923076923077 0.586027713625866 0.03076923076923077 0.03117782909930716
0 0.7253846153846154 0.6137413394919169 0.012307692307692308 0.021939953810623556
0 0.7596153846153846 0.6322170900692841 0.01769230769230769 0.026558891454965358
0 0.6615384615384615 0.5808314087759815 0.016153846153846154 0.021939953810623556
0 0.6553846153846153 0.5993071593533488 0.03769230769230769 0.023094688221709007
0 0.6742307692307692 0.6351039260969977 0.031538461538461536 0.026558891454965358
0 0.6596153846153846 0.6668591224018475 0.013846153846153847 0.025404157043879907
0 0.6365384615384615 0.6333718244803695 0.016153846153846154 0.026558891454965358
0 0.5253846153846153 0.6703233256351039 0.022307692307692306 0.03117782909930716
0 0.5792307692307692 0.7032332563510393 0.018461538461538463 0.03002309468822171
0 0.6173076923076923 0.6991916859122402 0.013076923076923076 0.03002309468822171
0 0.6234615384615385 0.7742494226327945 0.03307692307692308 0.02771362586605081
0 0.7269230769230769 0.6997690531177829 0.018461538461538463 0.02771362586605081
0 0.7223076923076923 0.7240184757505773 0.031538461538461536 0.021939953810623556
0 0.5365384615384615 0.848729792147806 0.018461538461538463 0.03002309468822171
0 0.5653846153846154 0.8406466512702079 0.023076923076923078 0.02771362586605081
0 0.6207692307692307 0.8903002309468823 0.026153846153846153 0.03002309468822171
0 0.6588461538461539 0.8366050808314087 0.02076923076923077 0.03233256351039261
0 0.7257692307692307 0.8308314087759815 0.021538461538461538 0.03810623556581986
0 0.7461538461538462 0.9515011547344111 0.03076923076923077 0.02771362586605081
0 0.8284615384615385 0.964203233256351 0.015384615384615385 0.026558891454965358