0 0.06458333333333334 0.19375 0.09583333333333334 0.0625
0 0.03916666666666667 0.2816666666666667 0.0725 0.07833333333333334
0 0.22958333333333333 0.42583333333333334 0.05583333333333333 0.06166666666666667
0 0.35083333333333333 0.41291666666666665 0.0525 0.03666666666666667
0 0.5058333333333334 0.37041666666666667 0.06333333333333334 0.03
0 0.58 0.3745833333333333 0.06833333333333333 0.04583333333333333
0 0.485 0.5 0.060833333333333336 0.06
0 0.4945833333333333 0.5708333333333333 0.05583333333333333 0.04083333333333333
0 0.4025 0.6045833333333334 0.06583333333333333 0.06833333333333333
0 0.44875 0.595 0.041666666666666664 0.03916666666666667
0 0.6795833333333333 0.605 0.06833333333333333 0.050833333333333335
0 0.8833333333333333 0.6083333333333333 0.059166666666666666 0.034166666666666665
0 0.7258333333333333 0.6508333333333334 0.0525 0.04083333333333333
0 0.6404166666666666 0.6579166666666667 0.05583333333333333 0.03166666666666667
0 0.5604166666666667 0.7108333333333333 0.07083333333333333 0.03833333333333333
0 0.5566666666666666 0.74875 0.04666666666666667 0.015
0 0.45125 0.6475 0.043333333333333335 0.025833333333333333
0 0.41125 0.68875 0.03666666666666667 0.03
0 0.3416666666666667 0.6720833333333334 0.04583333333333333 0.08083333333333333
0 0.2891666666666667 0.5983333333333334 0.0575 0.06
0 0.42333333333333334 0.7454166666666666 0.049166666666666664 0.025833333333333333
0 0.4558333333333333 0.7158333333333333 0.055 0.04416666666666667
0 0.49166666666666664 0.8241666666666667 0.0775 0.045
0 0.5079166666666667 0.86 0.03916666666666667 0.0375
0 0.5525 0.8579166666666667 0.04833333333333333 0.051666666666666666
0 0.41125 0.9229166666666667 0.05416666666666667 0.07666666666666666