0 0.267741935483871 0.538235294117647 0.08951612903225807 0.11647058823529412
0 0.25161290322580643 0.28823529411764703 0.08548387096774193 0.14941176470588236
0 0.06854838709677419 0.3423529411764706 0.06612903225806452 0.08235294117647059
0 0.09758064516129032 0.6447058823529411 0.05403225806451613 0.07529411764705882
0 0.5645161290322581 0.55 0.06370967741935483 0.09294117647058824
0 0.6790322580645162 0.47941176470588237 0.06612903225806452 0.08470588235294117
0 0.7237903225806451 0.72 0.07016129032258064 0.08352941176470588
0 0.7915322580645161 0.9194117647058824 0.06532258064516129 0.06705882352941177
0 0.8241935483870968 0.25588235294117645 0.10806451612903226 0.07411764705882352
0 0.5758064516129032 0.0811764705882353 0.06129032258064516 0.10588235294117647
0 0.4592741935483871 0.6270588235294118 0.06129032258064516 0.07411764705882352