0 0.24084919472913616 0.44921875 0.06076134699853587 0.03369140625
0 0.48755490483162517 0.438232421875 0.034407027818448024 0.02001953125
0 0.49487554904831627 0.3837890625 0.055636896046852125 0.0224609375
0 0.37554904831625185 0.3896484375 0.0424597364568082 0.02001953125
0 0.3235724743777452 0.41845703125 0.038799414348462666 0.01611328125
0 0.32650073206442165 0.44189453125 0.053440702781844804 0.01953125
0 0.3945827232796486 0.420654296875 0.04758418740849195 0.0185546875
0 0.527818448023426 0.411376953125 0.055636896046852125 0.02392578125
0 0.5948023426061494 0.4326171875 0.050512445095168376 0.02197265625
0 0.5885797950219619 0.40966796875 0.03733528550512445 0.01904296875
0 0.6504392386530015 0.427001953125 0.04319180087847731 0.01904296875
0 0.6738653001464129 0.4052734375 0.050512445095168376 0.01904296875
0 0.7496339677891655 0.42236328125 0.0636896046852123 0.0234375