0 0.6416015625 0.0615234375 0.064453125 0.072265625
0 0.57470703125 0.1044921875 0.0556640625 0.095703125
0 0.5009765625 0.1416015625 0.060546875 0.103515625
0 0.43408203125 0.19921875 0.0517578125 0.09375
0 0.36474609375 0.2587890625 0.0595703125 0.119140625
0 0.2978515625 0.283203125 0.0546875 0.125
0 0.22314453125 0.3388671875 0.0634765625 0.107421875
0 0.13818359375 0.3896484375 0.0791015625 0.103515625
0 0.212890625 0.4716796875 0.060546875 0.099609375
0 0.28076171875 0.5302734375 0.0556640625 0.115234375
0 0.3486328125 0.5478515625 0.064453125 0.123046875
0 0.42138671875 0.6328125 0.0576171875 0.09375
0 0.49169921875 0.6640625 0.0576171875 0.125
0 0.56298828125 0.7568359375 0.0576171875 0.091796875
0 0.6337890625 0.8193359375 0.0546875 0.095703125
0 0.7158203125 0.87109375 0.07421875 0.09375
0 0.7998046875 0.9130859375 0.064453125 0.126953125