0 0.07 0.18625 0.09666666666666666 0.06416666666666666
0 0.042916666666666665 0.2733333333333333 0.07333333333333333 0.08
0 0.23083333333333333 0.42083333333333334 0.0575 0.0625
0 0.35208333333333336 0.41 0.0525 0.0375
0 0.5083333333333333 0.37083333333333335 0.06333333333333334 0.03166666666666667
0 0.5820833333333333 0.37625 0.06916666666666667 0.0475
0 0.485 0.5 0.06166666666666667 0.060833333333333336
0 0.49333333333333335 0.5708333333333333 0.056666666666666664 0.041666666666666664
0 0.40041666666666664 0.6029166666666667 0.0675 0.07
0 0.44708333333333333 0.5941666666666666 0.0425 0.04
0 0.6775 0.6079166666666667 0.06916666666666667 0.0525
0 0.88125 0.615 0.059166666666666666 0.035
0 0.7229166666666667 0.6545833333333333 0.05333333333333334 0.041666666666666664
0 0.6379166666666667 0.6604166666666667 0.05583333333333333 0.0325
0 0.5566666666666666 0.7116666666666667 0.07166666666666667 0.04
0 0.5520833333333334 0.75 0.0475 0.015833333333333335
0 0.44875 0.6466666666666666 0.043333333333333335 0.02666666666666667
0 0.40791666666666665 0.6875 0.03666666666666667 0.03
0 0.33875 0.6695833333333333 0.04666666666666667 0.08166666666666667
0 0.2875 0.5945833333333334 0.058333333333333334 0.060833333333333336
0 0.41875 0.7441666666666666 0.049166666666666664 0.02666666666666667
0 0.45208333333333334 0.715 0.05583333333333333 0.045
0 0.48625 0.82375 0.07833333333333334 0.04583333333333333
0 0.5016666666666667 0.8604166666666667 0.04 0.03833333333333333
0 0.54625 0.85875 0.049166666666666664 0.0525
0 0.4041666666666667 0.9216666666666666 0.055 0.0775