0 0.60498046875 0.35724743777452417 0.05517578125 0.05197657393850659
0 0.54150390625 0.3535871156661786 0.05322265625 0.05197657393850659
0 0.482421875 0.3689604685212299 0.04638671875 0.0629575402635432
0 0.45849609375 0.4407027818448023 0.05224609375 0.048316251830161056
0 0.54248046875 0.5592972181551976 0.03466796875 0.03733528550512445
0 0.3125 0.6405563689604685 0.0556640625 0.05710102489019034
0 0.18408203125 0.5629575402635432 0.06982421875 0.060029282576866766
0 0.27001953125 0.4062957540263543 0.0576171875 0.05929721815519766
0 0.30419921875 0.30307467057101023 0.05029296875 0.07833089311859444
0 0.3857421875 0.19546120058565153 0.06103515625 0.06442166910688141
0 0.34814453125 0.11859443631039532 0.0576171875 0.06442166910688141
0 0.31787109375 0.03733528550512445 0.0556640625 0.06734992679355783
0 0.31005859375 0.7855051244509517 0.05859375 0.03953147877013177