0 0.9053846153846153 0.2938799076212471 0.026153846153846153 0.04503464203233257
0 0.9038461538461539 0.36605080831408776 0.04 0.050808314087759814
0 0.94 0.4659353348729792 0.04461538461538461 0.04734411085450346
0 0.8438461538461538 0.3146651270207852 0.03461538461538462 0.050808314087759814
0 0.8473076923076923 0.3989607390300231 0.03307692307692308 0.04734411085450346
0 0.7669230769230769 0.37990762124711314 0.036153846153846154 0.03926096997690531
0 0.8273076923076923 0.4468822170900693 0.018461538461538463 0.028868360277136258
0 0.8426923076923077 0.4665127020785219 0.016153846153846154 0.025404157043879907
0 0.8507692307692307 0.4913394919168591 0.023076923076923078 0.02771362586605081
0 0.8023076923076923 0.5525404157043879 0.03230769230769231 0.03810623556581986
0 0.8123076923076923 0.6039260969976905 0.019230769230769232 0.021939953810623556
0 0.7838461538461539 0.6206697459584296 0.016923076923076923 0.03233256351039261
0 0.7584615384615384 0.6021939953810623 0.026923076923076925 0.03002309468822171
0 0.7496153846153846 0.5282909930715936 0.023846153846153847 0.028868360277136258
0 0.6861538461538461 0.4809468822170901 0.026153846153846153 0.03117782909930716
0 0.6946153846153846 0.5606235565819861 0.018461538461538463 0.025404157043879907
0 0.6615384615384615 0.5369515011547344 0.014615384615384615 0.02771362586605081
0 0.6884615384615385 0.601039260969977 0.031538461538461536 0.03117782909930716
0 0.7207692307692307 0.6310623556581986 0.013076923076923076 0.023094688221709007
0 0.7546153846153846 0.6524249422632794 0.018461538461538463 0.02771362586605081
0 0.6584615384615384 0.5929561200923787 0.016923076923076923 0.023094688221709007
0 0.6519230769230769 0.6114318706697459 0.038461538461538464 0.02424942263279446
0 0.6692307692307692 0.648960739030023 0.03230769230769231 0.026558891454965358
0 0.6534615384615384 0.6789838337182448 0.014615384615384615 0.026558891454965358
0 0.6319230769230769 0.6437644341801386 0.016923076923076923 0.02771362586605081
0 0.5196153846153846 0.6720554272517321 0.023076923076923078 0.03117782909930716
0 0.571923076923077 0.7095842956120092 0.019230769230769232 0.03117782909930716
0 0.6103846153846154 0.707852193995381 0.013846153846153847 0.03117782909930716
0 0.6138461538461538 0.7840646651270208 0.033846153846153845 0.02771362586605081
0 0.7196153846153847 0.7170900692840647 0.019230769230769232 0.028868360277136258
0 0.7142307692307692 0.7413394919168591 0.03230769230769231 0.021939953810623556
0 0.5242307692307693 0.8516166281755196 0.019230769230769232 0.03117782909930716
0 0.5534615384615384 0.8452655889145496 0.023846153846153847 0.02771362586605081
0 0.6069230769230769 0.898960739030023 0.026923076923076925 0.03002309468822171
0 0.6469230769230769 0.848729792147806 0.021538461538461538 0.03348729792147806
0 0.7138461538461538 0.8481524249422633 0.021538461538461538 0.03926096997690531
0 0.73 0.9699769053117783 0.031538461538461536 0.02771362586605081
0 0.8123076923076923 0.9872979214780601 0.016923076923076923 0.023094688221709007